#                                                                                                           --- full sequence --- -------------- this domain -------------   hmm coord   ali coord   env coord
# target name                                       accession   tlen query name           accession   qlen   E-value  score  bias   #  of  c-Evalue  i-Evalue  score  bias  from    to  from    to  from    to  acc description of target
#                               ------------------- ---------- ----- -------------------- ---------- ----- --------- ------ ----- --- --- --------- --------- ------ ----- ----- ----- ----- ----- ----- ----- ---- ---------------------
NODE_3_length_190121_cov_203.196926:162226-163344|- -            373 1054741at2           -            333  2.8e-138  458.0   0.3   1   1  6.9e-141  3.3e-138  457.8   0.3     2   330     4   360     3   363 0.92 NODE_3_length_190121_cov_203.196926_168 # 162226 # 163344 # -1 # ID=3_168;partial=00;start_type=TTG;rbs_motif=AGGAGG;rbs_spacer=5-10bp;gc_cont=0.349
NODE_206_length_263_cov_0.913462:3-263|-            -             87 1054741at2           -            333   8.5e-32  108.0   0.0   1   1     2e-34   9.6e-32  107.8   0.0   122   199     1    86     1    87 0.90 NODE_206_length_263_cov_0.913462_1 # 3 # 263 # -1 # ID=206_1;partial=11;start_type=Edge;rbs_motif=None;rbs_spacer=None;gc_cont=0.349
NODE_2_length_205520_cov_212.013608:142052-143257|+ -            402 1054741at2           -            333   2.9e-07   27.4   0.1   1   1   8.4e-10     4e-07   26.9   0.1     3    85     2    76     1   115 0.82 NODE_2_length_205520_cov_212.013608_126 # 142052 # 143257 # 1 # ID=2_126;partial=00;start_type=ATG;rbs_motif=GGAG/GAGG;rbs_spacer=5-10bp;gc_cont=0.352
NODE_31_length_22810_cov_243.993979:15044-16585|-   -            514 1054741at2           -            333     1e-06   25.5   0.2   1   1   3.8e-09   1.8e-06   24.8   0.2     3    35   218   251   216   272 0.83 NODE_31_length_22810_cov_243.993979_16 # 15044 # 16585 # -1 # ID=31_16;partial=00;start_type=ATG;rbs_motif=AGGAG;rbs_spacer=5-10bp;gc_cont=0.372
NODE_1_length_221181_cov_231.485492:15172-15840|+   -            223 1054741at2           -            333   5.9e-05   19.8   0.0   1   1   1.4e-07   6.6e-05   19.6   0.0     3    72     7    69     5   124 0.92 NODE_1_length_221181_cov_231.485492_12 # 15172 # 15840 # 1 # ID=1_12;partial=00;start_type=ATG;rbs_motif=AGGAG;rbs_spacer=5-10bp;gc_cont=0.344
NODE_10_length_105441_cov_213.290342:21881-23104|-  -            408 1054741at2           -            333    0.0007   16.2   0.0   1   1   2.6e-06    0.0012   15.4   0.0     5    87   179   259   176   266 0.79 NODE_10_length_105441_cov_213.290342_18 # 21881 # 23104 # -1 # ID=10_18;partial=00;start_type=ATG;rbs_motif=AGGAG/GGAGG;rbs_spacer=11-12bp;gc_cont=0.334
NODE_22_length_45273_cov_259.372352:38398-38655|+   -             86 1054741at2           -            333     0.014   11.9   0.0   1   1   3.4e-05     0.016   11.8   0.0   238   297    21    77    15    84 0.76 NODE_22_length_45273_cov_259.372352_40 # 38398 # 38655 # 1 # ID=22_40;partial=00;start_type=ATG;rbs_motif=AGGAGG;rbs_spacer=5-10bp;gc_cont=0.283
#
# Program:         hmmsearch
# Version:         3.4 (Aug 2023)
# Pipeline mode:   SEARCH
# Query file:      /workspaces/Project_S.aureus/busco_downloads/lineages/bacteria_odb10/hmms/1054741at2.hmm
# Target file:     /workspaces/Project_S.aureus/busco_results/prodigal_output/predicted_genes/predicted.faa
# Option settings: hmmsearch --domtblout /workspaces/Project_S.aureus/busco_results/run_bacteria_odb10/hmmer_output/1054741at2.out --cpu 1 /workspaces/Project_S.aureus/busco_downloads/lineages/bacteria_odb10/hmms/1054741at2.hmm /workspaces/Project_S.aureus/busco_results/prodigal_output/predicted_genes/predicted.faa 
# Current dir:     /workspaces/Project_S.aureus
# Date:            Tue Mar 31 16:04:29 2026
# [ok]
