#                                                                                                           --- full sequence --- -------------- this domain -------------   hmm coord   ali coord   env coord
# target name                                       accession   tlen query name           accession   qlen   E-value  score  bias   #  of  c-Evalue  i-Evalue  score  bias  from    to  from    to  from    to  acc description of target
#                               ------------------- ---------- ----- -------------------- ---------- ----- --------- ------ ----- --- --- --------- --------- ------ ----- ----- ----- ----- ----- ----- ----- ---- ---------------------
NODE_3_length_190121_cov_203.196926:169698-171464|- -            589 226836at2            -            473  1.1e-185  614.9   5.0   1   1  6.5e-188  7.2e-185  612.2   5.0     1   473     4   582     4   582 0.84 NODE_3_length_190121_cov_203.196926_176 # 169698 # 171464 # -1 # ID=3_176;partial=00;start_type=ATG;rbs_motif=GGAG/GAGG;rbs_spacer=5-10bp;gc_cont=0.355
NODE_3_length_190121_cov_203.196926:2320-3612|-     -            431 226836at2            -            473   2.6e-35  119.1   0.0   1   3   7.1e-28   7.9e-25   84.5   0.0    10   230    11   252     2   261 0.82 NODE_3_length_190121_cov_203.196926_4 # 2320 # 3612 # -1 # ID=3_4;partial=00;start_type=ATG;rbs_motif=AGGAG;rbs_spacer=5-10bp;gc_cont=0.354
NODE_3_length_190121_cov_203.196926:2320-3612|-     -            431 226836at2            -            473   2.6e-35  119.1   0.0   2   3      0.17   1.9e+02   -2.4   0.0   224   238   270   284   255   288 0.79 NODE_3_length_190121_cov_203.196926_4 # 2320 # 3612 # -1 # ID=3_4;partial=00;start_type=ATG;rbs_motif=AGGAG;rbs_spacer=5-10bp;gc_cont=0.354
NODE_3_length_190121_cov_203.196926:2320-3612|-     -            431 226836at2            -            473   2.6e-35  119.1   0.0   3   3   6.2e-12   6.9e-09   32.0   0.0   340   450   313   423   302   427 0.84 NODE_3_length_190121_cov_203.196926_4 # 2320 # 3612 # -1 # ID=3_4;partial=00;start_type=ATG;rbs_motif=AGGAG;rbs_spacer=5-10bp;gc_cont=0.354
NODE_24_length_37904_cov_236.807842:611-2098|-      -            496 226836at2            -            473   4.4e-32  108.5   0.8   1   2   1.6e-20   1.8e-17   60.3   0.4     9   228    55   298    48   374 0.74 NODE_24_length_37904_cov_236.807842_1 # 611 # 2098 # -1 # ID=24_1;partial=00;start_type=ATG;rbs_motif=AGGAG;rbs_spacer=5-10bp;gc_cont=0.349
NODE_24_length_37904_cov_236.807842:611-2098|-      -            496 226836at2            -            473   4.4e-32  108.5   0.8   2   2   2.8e-16   3.1e-13   46.3   0.0   401   451   442   492   395   495 0.86 NODE_24_length_37904_cov_236.807842_1 # 611 # 2098 # -1 # ID=24_1;partial=00;start_type=ATG;rbs_motif=AGGAG;rbs_spacer=5-10bp;gc_cont=0.349
#
# Program:         hmmsearch
# Version:         3.4 (Aug 2023)
# Pipeline mode:   SEARCH
# Query file:      /workspaces/Project_S.aureus/busco_downloads/lineages/bacteria_odb10/hmms/226836at2.hmm
# Target file:     /workspaces/Project_S.aureus/busco_results/prodigal_output/predicted_genes/predicted.faa
# Option settings: hmmsearch --domtblout /workspaces/Project_S.aureus/busco_results/run_bacteria_odb10/hmmer_output/226836at2.out --cpu 1 /workspaces/Project_S.aureus/busco_downloads/lineages/bacteria_odb10/hmms/226836at2.hmm /workspaces/Project_S.aureus/busco_results/prodigal_output/predicted_genes/predicted.faa 
# Current dir:     /workspaces/Project_S.aureus
# Date:            Tue Mar 31 16:04:32 2026
# [ok]
