#                                                                                                         --- full sequence --- -------------- this domain -------------   hmm coord   ali coord   env coord
# target name                                     accession   tlen query name           accession   qlen   E-value  score  bias   #  of  c-Evalue  i-Evalue  score  bias  from    to  from    to  from    to  acc description of target
#                             ------------------- ---------- ----- -------------------- ---------- ----- --------- ------ ----- --- --- --------- --------- ------ ----- ----- ----- ----- ----- ----- ----- ---- ---------------------
NODE_13_length_73100_cov_229.177617:39720-41132|- -            471 430176at2            -            369  1.5e-171  568.2   4.8   1   2      0.95   5.3e+02   -2.9   0.0     1    16    10    25    10    41 0.80 NODE_13_length_73100_cov_229.177617_40 # 39720 # 41132 # -1 # ID=13_40;partial=00;start_type=ATG;rbs_motif=AGGAGG;rbs_spacer=5-10bp;gc_cont=0.389
NODE_13_length_73100_cov_229.177617:39720-41132|- -            471 430176at2            -            369  1.5e-171  568.2   4.8   2   2  9.8e-174  5.5e-171  566.3   4.0    10   369    43   458    31   458 0.92 NODE_13_length_73100_cov_229.177617_40 # 39720 # 41132 # -1 # ID=13_40;partial=00;start_type=ATG;rbs_motif=AGGAGG;rbs_spacer=5-10bp;gc_cont=0.389
NODE_638_length_226_cov_0.812865:2-226|-          -             75 430176at2            -            369   3.5e-43  145.8   0.2   1   1   6.8e-46   3.8e-43  145.7   0.2   170   244     1    75     1    75 0.99 NODE_638_length_226_cov_0.812865_1 # 2 # 226 # -1 # ID=638_1;partial=11;start_type=Edge;rbs_motif=None;rbs_spacer=None;gc_cont=0.480
NODE_13_length_73100_cov_229.177617:42051-43559|- -            503 430176at2            -            369   8.4e-19   65.6   1.4   1   1     2e-20   1.1e-17   61.9   1.4    36   303    94   395    49   426 0.74 NODE_13_length_73100_cov_229.177617_42 # 42051 # 43559 # -1 # ID=13_42;partial=00;start_type=ATG;rbs_motif=AGGAG;rbs_spacer=5-10bp;gc_cont=0.370
NODE_180_length_268_cov_0.892019:1-267|+          -             89 430176at2            -            369   2.3e-12   44.4   0.0   1   1   4.4e-15   2.5e-12   44.3   0.0   212   286     5    81     2    88 0.87 NODE_180_length_268_cov_0.892019_1 # 1 # 267 # 1 # ID=180_1;partial=11;start_type=Edge;rbs_motif=None;rbs_spacer=None;gc_cont=0.521
NODE_13_length_73100_cov_229.177617:54831-56147|- -            439 430176at2            -            369   1.6e-10   38.4   0.0   1   1   4.9e-13   2.7e-10   37.5   0.0    72   290   167   389   155   404 0.84 NODE_13_length_73100_cov_229.177617_58 # 54831 # 56147 # -1 # ID=13_58;partial=00;start_type=ATG;rbs_motif=None;rbs_spacer=None;gc_cont=0.358
NODE_124_length_276_cov_0.859729:1-276|+          -             92 430176at2            -            369   4.3e-09   33.6   0.2   1   1   9.4e-12   5.2e-09   33.3   0.2     9    57    24    83    17    90 0.85 NODE_124_length_276_cov_0.859729_1 # 1 # 276 # 1 # ID=124_1;partial=11;start_type=Edge;rbs_motif=None;rbs_spacer=None;gc_cont=0.478
#
# Program:         hmmsearch
# Version:         3.4 (Aug 2023)
# Pipeline mode:   SEARCH
# Query file:      /workspaces/Project_S.aureus/busco_downloads/lineages/bacteria_odb10/hmms/430176at2.hmm
# Target file:     /workspaces/Project_S.aureus/busco_results/prodigal_output/predicted_genes/predicted.faa
# Option settings: hmmsearch --domtblout /workspaces/Project_S.aureus/busco_results/run_bacteria_odb10/hmmer_output/430176at2.out --cpu 1 /workspaces/Project_S.aureus/busco_downloads/lineages/bacteria_odb10/hmms/430176at2.hmm /workspaces/Project_S.aureus/busco_results/prodigal_output/predicted_genes/predicted.faa 
# Current dir:     /workspaces/Project_S.aureus
# Date:            Tue Mar 31 16:04:32 2026
# [ok]
